3.2500000000000074506
6.6500000000000003553
4.9500000000000001776
1
0
1
1
1
0
3.6400000000000001243
3.6400000000000001243
3.6400000000000001243
3.6400000000000001243
3.1399999999999996803
3.1400000000000001243
0
1
0
1
1
0
0
0
0
0
0
0
0
1
1
0
0
1
0
0
0
0
0
0
0
0
0
0
1
0
0.50000000004470348358
0
0
0
0
0
1
1
1
0
0
0
3
0
1
1
0
0
0
0
0
0
0
0
1
0
0
0
0
1
0
1
0
1
0
1
2
2
0
1
0
0
3
1
0
0
0
0
1
1
0
1
0
0
0
0
0
0
0
0
0
0
0
1
0
0
0
0
2.1000000000000000888
0
2.1000000000000000888
2.1000000000000000888
2.1000000000000000888
0
3
1
1
2.4199999999999999289
0
0
0
0
2.4199999999999999289
0
0
0
0
0
0
0
0
