agreytak 4.248571428582604170 6.80 33
althomp  4.00 4
amyls 0.1861538461538461419 5.69 8
andym 5.221145909645910521 6.34 34
ariels  7.00 1
asphodel  5.33 3
btsai 0 0.00 1
caitlinq 0.1861538461538461419 5.92 8
dlamming 8.203050671550670358 6.14 55
eerikk 5.429479242979243558 6.28 30
ekshea 1.253571428571428558 6.12 18
eolson 9.988526862026864350 4.32 48
goodevil 14.65305067156184470 5.59 75
hana  7.00 1
hbcarter 8.344277777777776350 4.63 34
jcubed 0.3290109890109890189 6.33 9
jdreed 6.43852380953498570 6.80 34
jvieregg 0.450000000000000011 10.00 2
jvierreg 0 0.00 1
kenr 14.34828876678876774 5.09 61
ktbug 0.1861538461538461419 6.07 11
laurens 0.1861538461538461419 8.50 3
levente 0.1861538461538461419 5.00 2
mhao  4.75 4
monicat  9.00 1
obb  8.15 2
perlner 0.2000000000000000111 0.00 1
ruadh 6.016857142868318852 6.91 40
sabrin 1.657611111111111146 6.10 12
scohen 0.2500000000000000000 0.00 2
scrothie 0.3111538461538461142 5.40 11
sgupta 0.1111111111111111049 4.00 1
thejen 0.6250000000052154064 6.67 4
youn 0 5.5000000006705522537 3
