# 0 205 0  
agreytak 3.7500000000000044703 5 17 7.6363636363636366866
andym 9.7599999999999997868 2 20 6.375
btsai 0 0 1  
dlamming 5 0 20 6.6500000000000003553
eerikk 16.929999999999999716 7 20 6.3499999999999996447
ekshea 0 0 1  
eolson 0.25000000002235174179 3 16 4.227272727272727515
goodevil 4.7500000000223517418 0 29 5.7321428571428567622
hana 0 0 1 7
hbcarter 2.2500000000223517418 3 16 4.6666666666666669627
jdreed 4.7000000000000001776 6 23 7.2368421052631575208
jvieregg 0 0 2 10
kenr 2.5499999999999998224 0 24 4.7999999999999998224
monicat 0 0 1 9
perlner 0 0 1  
ruadh 0.25000000002235174179 2 19 6.8684210526315787604
sabrin 0 1 9 6.2857142857142855874
scohen 0 0 1  
scrothie 0 0 5 6
sgupta 0 0 1 4
thejen 0 0 2 6

